
CASCADE Topology V1, (c) Matra-Datavision
Locations 15
1
1.000000000000000 0.000000000000000 0.000000000000000 0.000000000000000 
0.000000000000000 1.000000000000000 0.000000000000000 0.000000000000000 
0.000000000000000 0.000000000000000 1.000000000000000 0.000000000000000 
1
1.000000000000000 0.000000000000000 0.000000000000000 0.000000000000000 
0.000000000000000 1.000000000000000 0.000000000000000 0.000000000000000 
0.000000000000000 0.000000000000000 1.000000000000000 2.169696007084728 
1
0.000000000000000 1.000000000000000 0.000000000000000 0.000000000000000 
-1.000000000000000 0.000000000000000 -0.000000000000000 0.000000000000000 
-0.000000000000000 0.000000000000000 1.000000000000000 0.000000000000000 
2  3 1 2 1 0
1
-1.000000000000000 0.000000000000000 0.000000000000000 0.000000000000000 
0.000000000000000 -1.000000000000000 0.000000000000000 0.000000000000000 
0.000000000000000 0.000000000000000 1.000000000000000 0.000000000000000 
2  5 1 2 1 0
1
-0.000000000000000 -1.000000000000000 0.000000000000000 0.000000000000000 
1.000000000000000 0.000000000000000 0.000000000000000 0.000000000000000 
0.000000000000000 0.000000000000000 1.000000000000000 0.000000000000000 
2  7 1 2 1 0
2  2 -1 3 -1 0
2  3 -1 0
2  2 -1 0
2  2 -1 5 -1 0
2  5 -1 0
2  2 -1 7 -1 0
2  7 -1 0
Curve2ds 119
1 0.00000000000000000 0.00000000000000000 1.00000000000000000 0.00000000000000000 
1 0.00000000000000000 -0.97641052679383622 1.00000000000000000 0.00000000000000000 
1 0.00000000000000000 1.54246303544159646 1.00000000000000000 0.00000000000000000 
2 0.00000000000000000 0.00000000000000000 1.00000000000000000 0.00000000000000000 -0.00000000000000000 1.00000000000000000 2.79999999999999982
1 6.28318530717958623 0.00000000000000000 0.00000000000000000 1.00000000000000000 
1 0.00000000000000000 0.00000000000000000 0.00000000000000000 1.00000000000000000 
2 0.00000000000000000 0.00000000000000000 1.00000000000000000 0.00000000000000000 -0.00000000000000000 1.00000000000000000 1.60000000000000009
1 0.00000000000000000 0.00000000000000000 1.00000000000000000 0.00000000000000000 
1 0.00000000000000000 1.57079632679489523 1.00000000000000000 0.00000000000000000 
1 0.00000000000000000 0.00000000000000000 1.00000000000000000 0.00000000000000000 
1 6.28318530717958623 0.00000000000000000 0.00000000000000000 1.00000000000000000 
1 0.00000000000000000 0.00000000000000000 0.00000000000000000 1.00000000000000000 
1 0.00000000000000000 6.40000000000000036 1.00000000000000000 0.00000000000000000 
1 0.00000000000000000 0.00000000000000000 1.00000000000000000 0.00000000000000000 
1 6.28318530717958623 0.00000000000000000 0.00000000000000000 1.00000000000000000 
1 0.00000000000000000 0.00000000000000000 0.00000000000000000 1.00000000000000000 
1 0.00000000000000000 25.50000000000000000 1.00000000000000000 0.00000000000000000 
2 0.00000000000000000 0.00000000000000000 1.00000000000000000 0.00000000000000000 -0.00000000000000000 1.00000000000000000 1.50000000000000000
1 6.28318530717958623 0.00000000000000000 0.00000000000000000 1.00000000000000000 
1 0.00000000000000000 0.00000000000000000 0.00000000000000000 1.00000000000000000 
7 0 0  6 7 2  6.00892313196429839 -1.40074203060413649  6.04783922644013749 -1.40558086615404720  6.08939383971988946 -1.41011511287862845  6.13371582103889068 -1.41430575176536877  6.18087525211080901 -1.41810906400372971  6.23079563590615759 -1.42147766027959110  6.28318530717958623 -1.42436914510036305 
 1.46976462785795325 7 1.51881223142456223 7
2 0.34918045183433233 4.52584665580202206 -1.00000000000000000 0.00000000000000001 -0.00000000000000001 -1.00000000000000000 4.99871343025597792
7 0 0  7 20 4  5.67389633671666616 -1.19116756333045859  5.68681162210678792 -1.20923832337758252  5.70109502970717585 -1.22724178559207076  5.71701526389688297 -1.24516440249828975  5.73492250313847762 -1.26298853131868327  5.75530617409503975 -1.28068888432613903  5.77884480420595015 -1.29823068574625644  5.82063144347761163 -1.32421090095823279  5.83564014180219548 -1.33281555146710073  5.85187423936284734 -1.34135690447313438  5.86951018132492663 -1.34982520529555727  5.88876446132493125 -1.35820836516438703  5.90990967575200887 -1.36649070722729560  5.95668522092100794 -1.38281112126496342  5.98231564427874218 -1.39084918643033006  6.01053960992885550 -1.39874378325771431  6.04179036836831074 -1.40646776767107440  6.07659301109924854 -1.41398614767047093  6.11562026916941370 -1.42125170870702688  6.15961715488576633 -1.42819936868737085 
 1.20279677181999833 8 1.33365416963836347 6 1.39908286854754338 6 1.46451156745672550 8
2 2.22440726318255155 4.50394410948225499 -1.00000000000000000 0.00000000000000002 -0.00000000000000002 -1.00000000000000000 4.99997577746790167
1 6.28318530717959067 -1.26610367277950098 -1.00000000000000000 0.00000000000000000 
1 6.28318530717958623 0.83805028857917696 -1.00000000000000000 0.00000000000000000 
7 0 0  8 16 3  4.83595713267852201 -1.42819936868737174  4.87445440768032956 -1.42212016620457105  4.90922446194750339 -1.41580253792973809  4.94073292817259357 -1.40928716017062783  4.96940929841866819 -1.40260577546450804  4.99561866475679039 -1.39578330944785023  5.01966624912413195 -1.38883967013894605  5.04181253821633835 -1.38179109538761002  5.12366974226208782 -1.35323037082169106  5.16992487088373309 -1.33098545291022674  5.20698132329562213 -1.30827571607824211  5.23754326461130404 -1.28523181987475255  5.26333186620831839 -1.26195232341797237  5.28546655999252835 -1.23848967420644840  5.30472663877307937 -1.21488543589230935  5.32167795084761419 -1.19116756333045903 
 1.67708108613306806 9 1.74250978504225040 7 1.93879588176979500 9
2 -2.22440726318255244 4.50394410948225499 -1.00000000000000000 -0.00000000000000001 0.00000000000000001 -1.00000000000000000 4.99997577746790167
7 0 0  7 8 2  4.59629604418684057 -1.42959472170315127  4.66172576213336320 -1.42727932091744680  4.72466463261116587 -1.42426571392365986  4.78438230346819182 -1.42060189879089194  4.84044120332691818 -1.41635255578103170  4.89276412334038469 -1.41158579227925429  4.94143867923760549 -1.40636375963086757  4.98665115559998728 -1.40074203060413760 
 1.60534762506777140 8 1.67182802573184075 8
2 -0.34918045183433649 4.52584665580202028 -1.00000000000000000 -0.00000000000000001 0.00000000000000001 -1.00000000000000000 4.99871343025597881
7 0 0  7 8 2  4.43812680516940894 -1.40074203060413849  4.48333928153179162 -1.40636375963086824  4.53201383742907637 -1.41158579227925429  4.58433675744299762 -1.41635255578057695  4.64039565730172399 -1.42060189879111931  4.70011332815829519 -1.42426571392348933  4.76305219863603746 -1.42727932091744658  4.82848191658256010 -1.42959472170315083 
 1.46976462785795525 8 1.53624502852202460 8
2 0.34918045183432300 4.52584665580202028 -1.00000000000000000 0.00000000000000000 -0.00000000000000000 -1.00000000000000000 4.99871343025597881
7 0 0  7 20 4  4.10310000992177137 -1.19116756333046081  4.11601529531189314 -1.20923832337758475  4.13029870291325096 -1.22724178559190022  4.14621893709954747 -1.24516440249885818  4.16412617634523485 -1.26298853131731903  4.18450984729906850 -1.28068888432636641  4.20804847741105537 -1.29823068574625844  4.24983511668271596 -1.32421090095823457  4.26484381500748544 -1.33281555146709096  4.28107791256780512 -1.34135690447311218  4.29871385452987287 -1.34982520529553485  4.31796813453020256 -1.35820836516437748  4.33911334895711676 -1.36649070722729760  4.38588889412611760 -1.38281112126496541  4.41151931748424886 -1.39084918643050059  4.43974328313470323 -1.39874378325816906  4.47099404157279423 -1.40646776767107440  4.50579668430486890 -1.41398614767069830  4.54482394237452514 -1.42125170870702866  4.58882082809087866 -1.42819936868737263 
 1.20279677182000055 8 1.33365416963835925 6 1.39908286854754205 6 1.46451156745672750 8
2 2.22440726318254089 4.50394410948225499 -1.00000000000000000 0.00000000000000002 -0.00000000000000002 -1.00000000000000000 4.99997577746790167
1 6.28318530717959067 -1.26610367277950098 -1.00000000000000000 0.00000000000000000 
1 6.28318530717958623 0.83805028857917696 -1.00000000000000000 0.00000000000000000 
7 0 0  8 16 3  3.26516080588361657 -1.42819936868737352  3.30365808088542590 -1.42212016620457238  3.33842813515256642 -1.41580253793003696  3.36993660137729023 -1.40928716017042177  3.39861297162292431 -1.40260577546433751  3.42482233796137336 -1.39578330944792839  3.44886992232953560 -1.38883967013881859  3.47101621142143690 -1.38179109538761180  3.55287341546718816 -1.35323037082169284  3.59912854408048588 -1.33098545290806669  3.63618499651420279 -1.30827571608506332  3.66674693781169481 -1.28523181985747215  3.69253553942144208 -1.26195232342524832  3.71467023319155487 -1.23848967420394729  3.73393031197818148 -1.21488543589231157  3.75088162405271630 -1.19116756333046125 
 1.67708108613306606 9 1.74250978504224840 7 1.93879588176979278 9
2 -2.22440726318254223 4.50394410948225499 -1.00000000000000000 -0.00000000000000001 0.00000000000000001 -1.00000000000000000 4.99997577746790167
7 0 0  7 8 2  3.02549971739193202 -1.42959472170315260  3.09092943533845554 -1.42727932091744814  3.15386830581599042 -1.42426571392331880  3.21358597667313006 -1.42060189879111931  3.26964487653185643 -1.41635255578034958  3.32196779654611873 -1.41158579227925429  3.37064235244270272 -1.40636375963086913  3.41585482880508540 -1.40074203060413915 
 1.60534762506776940 8 1.67182802573183897 8
2 -0.34918045183432728 4.52584665580202028 -1.00000000000000000 0.00000000000000000 -0.00000000000000000 -1.00000000000000000 4.99871343025597881
7 0 0  7 8 2  2.86733047837450217 -1.40074203060413938  2.91254295473688485 -1.40636375963086935  2.96121751063390093 -1.41158579227925429  3.01354043064884536 -1.41635255578069064  3.06959933050666223 -1.42060189879066456  3.12931700136380186 -1.42426571392331880  3.19225587184113246 -1.42727932091744814  3.25768558978765599 -1.42959472170315260 
 1.46976462785795436 8 1.53624502852202394 8
2 0.34918045183432717 4.52584665580202028 -1.00000000000000000 0.00000000000000001 -0.00000000000000001 -1.00000000000000000 4.99871343025597881
7 0 0  7 20 4  2.53230368312686993 -1.19116756333046148  2.54521896851699170 -1.20923832337758541  2.55950237611807552 -1.22724178559212760  2.57542261030562258 -1.24516440249828975  2.59332984954971835 -1.26298853131891065  2.61371352050468886 -1.28068888432608219  2.63725215061615259 -1.29823068574625911  2.67903878988781319 -1.32421090095823524  2.69404748821250939 -1.33281555146709119  2.71028158577306044 -1.34135690447312839  2.72791752773511575 -1.34982520529555106  2.74717180773520564 -1.35820836516437793  2.76831702216221132 -1.36649070722729826  2.81509256733121216 -1.38281112126496630  2.84072299068941447 -1.39084918643050059  2.86894695633668562 -1.39874378325794169  2.90019771477818722 -1.40646776767107440  2.93500035750980715 -1.41398614767086883  2.97402761557961881 -1.42125170870702999  3.01802450129597233 -1.42819936868737396 
 1.20279677182000055 8 1.33365416963836347 6 1.39908286854754538 6 1.46451156745672750 8
2 2.22440726318254223 4.50394410948225499 -1.00000000000000000 0.00000000000000001 -0.00000000000000001 -1.00000000000000000 4.99997577746790167
1 6.28318530717959067 -1.26610367277950098 -1.00000000000000000 0.00000000000000000 
1 6.28318530717958623 0.83805028857917696 -1.00000000000000000 0.00000000000000000 
7 0 0  8 16 3  1.69436447908870802 -1.42819936868737241  1.73286175409051735 -1.42212016620457171  1.76763180835754308 -1.41580253792978095  1.79914027458293901 -1.40928716017050704  1.82781664482774886 -1.40260577546416698  1.85402601116558685 -1.39578330944760864  1.87807359553476871 -1.38883967013903131  1.90021988462653080 -1.38179109538761091  1.98207708867228316 -1.35323037082169217  2.02833221729360957 -1.33098545290897619  2.06538866970731760 -1.30827571607960635  2.09595061104118940 -1.28523181986292911  2.12173921261546639 -1.26195232342342933  2.14387390640604281 -1.23848967420508416  2.16313398518327960 -1.21488543589231113  2.18008529725781441 -1.19116756333046081 
 1.67708108613306583 9 1.74250978504224796 7 1.93879588176979256 9
2 -2.22440726318254134 4.50394410948225499 -1.00000000000000000 -0.00000000000000001 0.00000000000000001 -1.00000000000000000 4.99997577746790167
7 0 0  7 8 2  1.45470339059702591 -1.42959472170315083  1.52013310854354877 -1.42727932091744658  1.58307197902092867 -1.42426571392320511  1.64278964987761356 -1.42060189879089194  1.69884854973747679 -1.41635255578057695  1.75117146975100013 -1.41158579227925429  1.79984602564779572 -1.40636375963086802  1.84505850201017840 -1.40074203060413827 
 1.60534762506776851 8 1.67182802573183809 8
2 -0.34918045183432311 4.52584665580202028 -1.00000000000000000 0.00000000000000000 -0.00000000000000000 -1.00000000000000000 4.99871343025597881
7 0 0  7 8 2  1.29653415157959873 -1.40074203060413738  1.34174662794198074 -1.40636375963086735  1.39042118383889601 -1.41158579227902692  1.44274410385298779 -1.41635255578057695  1.49880300371250996 -1.42060189879066456  1.55852067456839904 -1.42426571392348933  1.62145954504622436 -1.42727932091744680  1.68688926299274722 -1.42959472170315127 
 1.46976462785795237 8 1.53624502852202194 8
2 0.34918045183433649 4.52584665580202028 -1.00000000000000000 0.00000000000000001 -0.00000000000000001 -1.00000000000000000 4.99871343025597881
7 0 0  7 20 4  0.96150735633197204 -1.19116756333045903  0.97442264172209359 -1.20923832337758297  0.98870604932361061 -1.22724178559201391  1.00462628351021976 -1.24516440249885818  1.02253352275545240 -1.26298853131822852  1.04291719370934288 -1.28068888432630956  1.06645582382125359 -1.29823068574625711  1.10824246309291419 -1.32421090095823346  1.12325116141755532 -1.33281555146710096  1.13948525897818143 -1.34135690447313438  1.15712120094024273 -1.34982520529555106  1.17637548094026045 -1.35820836516437748  1.19752069536731054 -1.36649070722729626  1.24429624053631027 -1.38281112126496430  1.26992666389469377 -1.39084918643033006  1.29815062954230598 -1.39874378325737325  1.32940138798289809 -1.40646776767130177  1.36420403071474539 -1.41398614767069830  1.40323128878471315 -1.42125170870702822  1.44722817450106578 -1.42819936868737218 
 1.20279677181999811 8 1.33365416963836125 6 1.39908286854754316 6 1.46451156745672528 8
2 2.22440726318255244 4.50394410948225499 -1.00000000000000000 0.00000000000000001 -0.00000000000000001 -1.00000000000000000 4.99997577746790167
1 6.28318530717959067 -1.26610367277950098 -1.00000000000000000 0.00000000000000000 
1 6.28318530717958623 0.83805028857917696 -1.00000000000000000 0.00000000000000000 
7 0 0  8 16 3  0.12356815229381944 -1.42819936868737107  0.16206542729562801 -1.42212016620456994  0.19683548156257780 -1.41580253792986577  0.22834394778793943 -1.40928716017054967  0.25702031803268710 -1.40260577546450804  0.28322968437054286 -1.39578330944790707  0.30727726873985617 -1.38883967013877507  0.32942355783163901 -1.38179109538760914  0.41128076187738977 -1.35323037082169018  0.45753589049786569 -1.33098545290852144  0.49459234291634857 -1.30827571608324433  0.52515428424112542 -1.28523181986111013  0.55094288582154149 -1.26195232342888630  0.57307757961063999 -1.23848967420462941  0.59233765838838426 -1.21488543589230891  0.60928897046291908 -1.19116756333045859 
 1.67708108613306783 9 1.74250978504224951 7 1.93879588176979478 9
2 -2.22440726318255200 4.50394410948225499 -1.00000000000000000 -0.00000000000000002 0.00000000000000002 -1.00000000000000000 4.99997577746790167
7 0 0  6 7 2  0.00000000000000097 -1.42436914510036305  0.05238967127342928 -1.42147766027959110  0.10231005506872748 -1.41810906400370129  0.14946948614067423 -1.41430575176536877  0.19379146745966125 -1.41011511287860003  0.23534608073944749 -1.40558086615404720  0.27426217521528695 -1.40074203060413649 
 1.62278042216523088 7 1.67182802573183986 7
2 -0.34918045183433233 4.52584665580202206 -1.00000000000000000 -0.00000000000000001 0.00000000000000001 -1.00000000000000000 4.99871343025597792
1 6.28318530717958623 -1.57079632679489523 0.00000000000000000 1.00000000000000000 
1 0.00000000000000000 -1.57079632679489523 0.00000000000000000 1.00000000000000000 
8 0.28781701480441568 0.89929404555657189
7 0 0  6 7 2  4.61567147690358581 0.18813343636200394  4.70791936007788792 0.17381167597504524  4.79718258366062855 0.15323737659513892  4.88206844270519014 0.12614286576792111  4.96160104651795564 0.09206531193198764  5.03543876418411873 0.05033131218560405  5.10355518732668667 -0.00000000000000030 
 0.28781701480441568 7 0.89929404555657189 7
8 0.39639237397455551 0.89929404555657144
5 -0.34918045183432972 1.78411455505414596 -0.00000000000000001 -1.00000000000000000 1.00000000000000000 -0.00000000000000001 0.22757304843844511 0.42442080261617215
1 0.18777615937904280 -1.79799825687287052 -0.04338992808726855 0.99905821358946945 
1 -1.43110996253076728 -1.79388393613098729 -0.08028325022221874 0.99677209016593005 
1 -0.03159904376042114 -1.79799825687287052 -0.04338992808726855 0.99905821358946945 
1 0.03159904376042114 -1.79799825687287052 0.04338992808726855 0.99905821358946945 
8 -0.89929404555657144 -0.39639237397455568
5 0.34918045183432972 1.78411455505414596 0.00000000000000001 -1.00000000000000000 1.00000000000000000 0.00000000000000001 0.22757304843844511 0.42442080261617215
8 -0.89929404555657144 -0.39639237397455568
7 0 0  6 7 2  5.89201910023759012 -0.00000000000000011  5.94804060446064842 0.04139436112575087  6.00793168328789307 0.07697346511514347  6.07167937240137690 0.10726074031378374  6.13912111162630936 0.13265716807061700  6.20983756453702451 0.15346287355427238  6.28318530717958623 0.16988550760335547 
 -0.89929404555657144 7 -0.39639237397455568 7
8 -1.49570558967771738 -0.83512281120163268
5 2.22440726318254711 1.78692254655397131 -0.00000000000000003 -1.00000000000000000 1.00000000000000000 -0.00000000000000003 0.14172894827803367 0.26510293223376930
8 -1.49570558967771738 -0.83512281120163268
7 0 0  6 7 2  5.91644094746723681 -0.00000000000000031  5.96240484026438633 0.07013768221811739  6.01374805549471603 0.13002919162990523  6.07106074875912327 0.18120461350194361  6.13490512689492107 0.22482244084545755  6.20566800706635213 0.26177673371799942  6.28318530717958623 0.29274293590210043 
 -1.49570558967771738 7 -0.83512281120163268 7
1 0.00000000000000000 2.77665234933630867 1.00000000000000000 0.00000000000000000 
1 0.00000000000000000 0.00000000000000000 1.00000000000000000 0.00000000000000000 
8 0.57286075209436360 1.49570558967771383
7 0 0  7 8 2  4.51218306427405569 0.35311687281048898  4.62031448631693120 0.32915156732453815  4.72018798288104335 0.29806289248061546  4.81036353783656523 0.25917044390780575  4.89059375374563388 0.21149085467726536  4.96155733938849153 0.15368808416186397  5.02409422368755632 0.08398583804315045  5.07913334009703732 -0.00000000000000021 
 0.57286075209436360 8 1.49570558967771383 8
8 0.83512281120163179 1.49570558967771317
5 -2.22440726318254711 1.78692254655397176 0.00000000000000003 -1.00000000000000000 1.00000000000000000 0.00000000000000003 0.14172894827803420 0.26510293223377029
8 -0.89929404555657255 -0.28781701480441585
7 0 0  6 7 2  4.32122277344269268 -0.00000000000000030  4.38933919658526062 0.05033131218560414  4.46317691425127805 0.09206531193198497  4.54270951806392986 0.12614286576792288  4.62759537710866198 0.15323737659513625  4.71685860069149143 0.17381167597504532  4.80910648386579354 0.18813343636200408 
 -0.89929404555657255 7 -0.28781701480441585 7
8 -0.89929404555657144 -0.39639237397455568
5 0.34918045183432972 1.78411455505414596 0.00000000000000001 -1.00000000000000000 1.00000000000000000 0.00000000000000001 0.22757304843844511 0.42442080261617215
8 -1.49570558967771738 -0.57286075209436493
7 0 0  7 8 2  4.34564462067234025 -0.00000000000000040  4.40068373708182126 0.08398583804315056  4.46322062137983266 0.15368808416186397  4.53418420702610092 0.21149085467723694  4.61441442292880311 0.25917044390780575  4.70458997788909983 0.29806289248062967  4.80446347445244637 0.32915156732453899  4.91259489649532277 0.35311687281048987 
 -1.49570558967771738 8 -0.57286075209436493 8
8 -1.49570558967771738 -0.83512281120163268
5 2.22440726318254711 1.78692254655397131 -0.00000000000000003 -1.00000000000000000 1.00000000000000000 -0.00000000000000003 0.14172894827803367 0.26510293223376930
8 0.57286075209436382 1.49570558967771339
7 0 0  7 8 2  2.94138673747915957 0.35311687281048854  3.04951815952203509 0.32915156732453771  3.14939165608586791 0.29806289248056572  3.23956721104468670 0.25917044390794786  3.31979742694920787 0.21149085467720852  3.39076101259377083 0.15368808416189950  3.45329789689266020 0.08398583804314984  3.50833701330214121 -0.00000000000000080 
 0.57286075209436382 8 1.49570558967771339 8
8 0.83512281120163179 1.49570558967771317
5 -2.22440726318254711 1.78692254655397176 0.00000000000000003 -1.00000000000000000 1.00000000000000000 0.00000000000000003 0.14172894827803420 0.26510293223377029
8 0.28781701480441590 0.89929404555657244
7 0 0  6 7 2  3.04487515010868970 0.18813343636200353  3.13712303328299225 0.17381167597504479  3.22638625686573732 0.15323737659513625  3.31127211591035575 0.12614286576792644  3.39080471972309283 0.09206531193198408  3.46464243738922262 0.05033131218560351  3.53275886053179056 -0.00000000000000091 
 0.28781701480441590 7 0.89929404555657244 7
8 0.39639237397455551 0.89929404555657144
5 -0.34918045183432972 1.78411455505414596 -0.00000000000000001 -1.00000000000000000 1.00000000000000000 -0.00000000000000001 0.22757304843844511 0.42442080261617215
8 -0.89929404555657244 -0.28781701480441568
7 0 0  6 7 2  2.75042644664779656 -0.00000000000000070  2.81854286979036450 0.05033131218560374  2.89238058745650051 0.09206531193198941  2.97191319126915232 0.12614286576791933  3.05679905031385601 0.15323737659513803  3.14606227389659487 0.17381167597504507  3.23831015707089742 0.18813343636200380 
 -0.89929404555657244 7 -0.28781701480441568 7
8 -0.89929404555657144 -0.39639237397455568
5 0.34918045183432972 1.78411455505414596 0.00000000000000001 -1.00000000000000000 1.00000000000000000 0.00000000000000001 0.22757304843844511 0.42442080261617215
8 -1.49570558967771716 -0.57286075209436405
7 0 0  7 8 2  2.77484829387744414 -0.00000000000000070  2.82988741028692514 0.08398583804315035  2.89242429458545303 0.15368808416195634  2.96338788023058441 0.21149085467706641  3.04361809613510559 0.25917044390806154  3.13379365109369701 0.29806289248054441  3.23366714765755114 0.32915156732453876  3.34179856970042710 0.35311687281048965 
 -1.49570558967771716 8 -0.57286075209436405 8
8 -1.49570558967771738 -0.83512281120163268
5 2.22440726318254711 1.78692254655397131 -0.00000000000000003 -1.00000000000000000 1.00000000000000000 -0.00000000000000003 0.14172894827803367 0.26510293223376930
8 0.57286075209436382 1.49570558967771383
7 0 0  7 8 2  1.37059041068426302 0.35311687281048854  1.47872183272713875 0.32915156732453771  1.57859532929069246 0.29806289248053019  1.66877088425053444 0.25917044390794786  1.74900110015369137 0.21149085467709483  1.81996468579916382 0.15368808416192792  1.88250157009776409 0.08398583804314982  1.93754068650724509 -0.00000000000000090 
 0.57286075209436382 8 1.49570558967771383 8
8 0.83512281120163179 1.49570558967771317
5 -2.22440726318254711 1.78692254655397176 0.00000000000000003 -1.00000000000000000 1.00000000000000000 0.00000000000000003 0.14172894827803420 0.26510293223377029
8 0.39639237397455551 0.89929404555657144
5 -0.34918045183432972 1.78411455505414596 -0.00000000000000001 -1.00000000000000000 1.00000000000000000 -0.00000000000000001 0.22757304843844511 0.42442080261617215
8 0.28781701480441590 0.89929404555657300
7 0 0  6 7 2  1.47407882331379314 0.18813343636200347  1.56632670648809569 0.17381167597504471  1.65558993007083188 0.15323737659513625  1.74047578911549294 0.12614286576792466  1.82000839292820160 0.09206531193198408  1.89384611059432650 0.05033131218560329  1.96196253373689444 -0.00000000000000121 
 0.28781701480441590 7 0.89929404555657300 7
8 -0.89929404555657300 -0.28781701480441568
7 0 0  6 7 2  1.17963011985289956 -0.00000000000000101  1.24774654299546750 0.05033131218560351  1.32158426066156665 0.09206531193198675  1.40111686447423267 0.12614286576791933  1.48600272351895057 0.15323737659513981  1.57526594710169854 0.17381167597504502  1.66751383027600109 0.18813343636200375 
 -0.89929404555657300 7 -0.28781701480441568 7
8 -0.89929404555657144 -0.39639237397455568
5 0.34918045183432972 1.78411455505414596 0.00000000000000001 -1.00000000000000000 1.00000000000000000 0.00000000000000001 0.22757304843844511 0.42442080261617215
8 -1.49570558967771761 -0.57286075209436405
7 0 0  7 8 2  1.20405196708254736 -0.00000000000000100  1.25909108349202836 0.08398583804315012  1.32162796779056180 0.15368808416189950  1.39259155343620478 0.21149085467729378  1.47282176933981646 0.25917044390780575  1.56299732429914684 0.29806289248061546  1.66287082086265459 0.32915156732453876  1.77100224290553077 0.35311687281048965 
 -1.49570558967771761 8 -0.57286075209436405 8
8 -1.49570558967771738 -0.83512281120163268
5 2.22440726318254711 1.78692254655397131 -0.00000000000000003 -1.00000000000000000 1.00000000000000000 -0.00000000000000003 0.14172894827803367 0.26510293223376930
8 0.83512281120163179 1.49570558967771317
5 -2.22440726318254711 1.78692254655397176 0.00000000000000003 -1.00000000000000000 1.00000000000000000 0.00000000000000003 0.14172894827803420 0.26510293223377029
8 0.83512281120163179 1.49570558967771317
7 0 0  6 7 2  0.00000000000000000 0.29274293590209932  0.07751730011323379 0.26177673371799837  0.14828018028460654 0.22482244084545400  0.21212455842052691 0.18120461350194716  0.26943725168480270 0.13002919162990167  0.32078046691519824 0.07013768221811736  0.36674435971234792 0.00000000000000010 
 0.83512281120163179 7 1.49570558967771317 7
8 0.39639237397455551 0.89929404555657144
7 0 0  6 7 2  0.00000000000000006 0.16988550760335547  0.07334774264256146 0.15346287355427238  0.14406419555339589 0.13265716807061256  0.21150593477784696 0.10726074031379085  0.27525362389187613 0.07697346511513903  0.33514470271893765 0.04139436112575088  0.39116620694199639 -0.00000000000000011 
 0.39639237397455551 7 0.89929404555657144 7
1 6.28318530717958623 0.00000000000000000 0.00000000000000000 1.00000000000000000 
1 0.00000000000000000 0.00000000000000000 0.00000000000000000 1.00000000000000000 
1 0.00000000000000000 0.71918198218753981 1.00000000000000000 0.00000000000000000 
8 1.84837221041544542 2.98947601291470466
5 -2.22440726318254711 2.66493256255237876 0.00000000000000003 -1.00000000000000000 1.00000000000000000 0.00000000000000003 0.37194635201526266 0.18146218197553365
8 1.84837221041544542 2.98947601291470511
7 0 0  7 8 2  5.07913334009703732 2.77665234933630867  5.12571763387928581 2.56778489434015222  5.16432528239624844 2.31717372079839379  5.19632261424339958 2.01575117274683180  5.22297168892919217 1.65174141927195706  5.24525595810769119 1.20963969829676898  5.26397406839917359 0.66873370565903367  5.27975957190584655 -0.00000000000000010 
 1.84837221041544542 8 2.98947601291470511 8
1 1.43110996253076683 -1.79388393613098729 0.08028325022221874 0.99677209016593005 
1 -0.18777615937904316 -1.79799825687287052 0.04338992808726855 0.99905821358946945 
8 -2.98947601291471043 -1.84837221041545141
5 2.22440726318254711 2.66493256255237920 -0.00000000000000003 -1.00000000000000000 1.00000000000000000 -0.00000000000000003 0.37194635201526055 0.18146218197553268
8 -2.98947601291471043 -1.84837221041545141
7 0 0  7 8 2  5.71581471565842847 -0.00000000000000020  5.73160021916510143 0.66873370565903345  5.75031832945592214 1.20963969829693951  5.77260259863442116 1.65174141927195706  5.79925167332021374 2.01575117274751392  5.83124900516804701 2.31717372079822326  5.86985665368498832 2.56778489434015178  5.91644094746723681 2.77665234933630867 
 -2.98947601291471043 8 -1.84837221041545141 8
8 -2.98947601291471043 -1.84837221041545119
7 0 0  7 8 2  4.14501838886353191 -0.00000000000000238  4.16080389237020487 0.66873370565903190  4.17952200266165619 1.20963969829671214  4.20180627184163313 1.65174141927241180  4.22845534652469723 2.01575117274683180  4.26045267837343999 2.31717372079867800  4.29906032689009177 2.56778489434015134  4.34564462067234025 2.77665234933630822 
 -2.98947601291471043 8 -1.84837221041545119 8
8 -2.98947601291471043 -1.84837221041545141
5 2.22440726318254711 2.66493256255237920 -0.00000000000000003 -1.00000000000000000 1.00000000000000000 -0.00000000000000003 0.37194635201526055 0.18146218197553268
8 1.84837221041544453 2.98947601291470466
7 0 0  7 8 2  3.50833701330214121 2.77665234933630956  3.55492130708438969 2.56778489434015311  3.59352895560073193 2.31717372079822326  3.62552628744970207 2.01575117274796867  3.65217536213458516 1.65174141927104756  3.67445963131285680 1.20963969829722373  3.69317774160427703 0.66873370565903267  3.70896324511095044 -0.00000000000000179 
 1.84837221041544453 8 2.98947601291470466 8
8 1.84837221041544542 2.98947601291470466
5 -2.22440726318254711 2.66493256255237876 0.00000000000000003 -1.00000000000000000 1.00000000000000000 0.00000000000000003 0.37194635201526266 0.18146218197553365
8 -2.98947601291470999 -1.84837221041545030
7 0 0  7 8 2  2.57422206206863624 -0.00000000000000199  2.59000756557530964 0.66873370565903223  2.60872567586613968 1.20963969829676898  2.63100994504566188 1.65174141927263918  2.65765901972940810 2.01575117274728655  2.68965635157871930 2.31717372079856432  2.72826400009519610 2.56778489434015178  2.77484829387744414 2.77665234933630867 
 -2.98947601291470999 8 -1.84837221041545030 8
8 -2.98947601291471043 -1.84837221041545141
5 2.22440726318254711 2.66493256255237920 -0.00000000000000003 -1.00000000000000000 1.00000000000000000 -0.00000000000000003 0.37194635201526055 0.18146218197553268
8 1.84837221041544453 2.98947601291470466
7 0 0  7 8 2  1.93754068650724487 2.77665234933630956  1.98412498028949336 2.56778489434015311  2.02273262880578386 2.31717372079822326  2.05472996065668667 2.01575117274796867  2.08137903533861390 1.65174141927104756  2.10366330451824979 1.20963969829722373  2.12238141480938047 0.66873370565903267  2.13816691831605388 -0.00000000000000179 
 1.84837221041544453 8 2.98947601291470466 8
8 1.84837221041544542 2.98947601291470466
5 -2.22440726318254711 2.66493256255237876 0.00000000000000003 -1.00000000000000000 1.00000000000000000 0.00000000000000003 0.37194635201526266 0.18146218197553365
8 -2.98947601291470999 -1.84837221041545030
7 0 0  7 8 2  1.00342573527373968 -0.00000000000000199  1.01921123878041286 0.66873370565903223  1.03792934907124845 1.20963969829676898  1.06021361825150962 1.65174141927263918  1.08686269293400528 2.01575117274728655  1.11886002478399860 2.31717372079856432  1.15746767330029932 2.56778489434015178  1.20405196708254758 2.77665234933630867 
 -2.98947601291470999 8 -1.84837221041545030 8
8 -2.98947601291471043 -1.84837221041545141
5 2.22440726318254711 2.66493256255237920 -0.00000000000000003 -1.00000000000000000 1.00000000000000000 -0.00000000000000003 0.37194635201526055 0.18146218197553268
8 1.84837221041544542 2.98947601291470466
7 0 0  7 8 2  0.36674435971234803 2.77665234933630822  0.41332865349459635 2.56778489434015178  0.45193630201104895 2.31717372079839379  0.48393363386031751 2.01575117274683180  0.51058270854412058 1.65174141927309392  0.53286697772341540 1.20963969829659845  0.55158508801448325 0.66873370565903334  0.56737059152115665 -0.00000000000000040 
 1.84837221041544542 8 2.98947601291470466 8
Curves 60
2 0.00000000000000000 0.00000000000000000 1.54246303544159646 0.00000000000000000 0.00000000000000000 1.00000000000000000 1.00000000000000000 0.00000000000000000 -0.00000000000000000 -0.00000000000000000 1.00000000000000000 0.00000000000000000 2.79999999999999982
2 0.00000000000000000 0.00000000000000000 0.00000000000000000 0.00000000000000000 0.00000000000000000 1.00000000000000000 1.00000000000000000 0.00000000000000000 -0.00000000000000000 -0.00000000000000000 1.00000000000000000 0.00000000000000000 2.79999999999999982
1 2.79999999999999982 0.00000000000000000 1.54246303544159646 0.00000000000000000 0.00000000000000000 -1.00000000000000000 
2 0.00000000000000000 0.00000000000000000 -0.00000000000000001 0.00000000000000000 0.00000000000000000 1.00000000000000000 1.00000000000000000 0.00000000000000000 -0.00000000000000000 -0.00000000000000000 1.00000000000000000 0.00000000000000000 1.60000000000000009
2 0.00000000000000000 0.00000000000000000 -0.10000000000000001 0.00000000000000000 0.00000000000000000 1.00000000000000000 1.00000000000000000 0.00000000000000000 -0.00000000000000000 -0.00000000000000000 1.00000000000000000 0.00000000000000000 1.50000000000000000
2 1.60000000000000009 0.00000000000000000 -0.10000000000000014 0.00000000000000000 -1.00000000000000000 0.00000000000000000 0.00000000000000000 0.00000000000000000 1.00000000000000000 -1.00000000000000000 0.00000000000000000 0.00000000000000000 0.10000000000000013
2 0.00000000000000000 0.00000000000000000 -6.50000000000000000 0.00000000000000000 0.00000000000000000 1.00000000000000000 1.00000000000000000 0.00000000000000000 -0.00000000000000000 -0.00000000000000000 1.00000000000000000 0.00000000000000000 1.50000000000000000
1 1.50000000000000000 0.00000000000000000 -0.10000000000000001 0.00000000000000000 0.00000000000000000 -1.00000000000000000 
2 0.00000000000000000 0.00000000000000000 -32.00000000000000000 0.00000000000000000 0.00000000000000000 1.00000000000000000 1.00000000000000000 0.00000000000000000 -0.00000000000000000 -0.00000000000000000 1.00000000000000000 0.00000000000000000 1.50000000000000000
1 1.50000000000000000 0.00000000000000000 -6.50000000000000000 0.00000000000000000 0.00000000000000000 -1.00000000000000000 
2 0.10529675027808479 0.04011835360459808 -2.61292881524742482 -0.92838099266315743 -0.35371573049579219 0.11399085253474843 0.35603644751757879 -0.93447206915940639 0.00000000000000000 0.10652126783339114 0.04058489818597202 0.99348179929901148 4.99871343025597792
2 0.01165959146707907 0.01020926695480781 -2.60143161781861965 -0.74915915208940165 -0.65597202071004268 0.09198517753568947 0.65876493611130571 -0.75234882797161817 0.00000000000000000 0.06920494050973718 0.06059660960248557 0.99576037635252779 4.99997577746790167
2 0.00000000000001233 0.00000000000000000 2.16969600708472932 -0.00000000000000410 0.00000000000000000 -1.00000000000000000 1.00000000000000000 0.00000000000000000 -0.00000000000000410 0.00000000000000000 -1.00000000000000000 -0.00000000000000000 1.50000000000000067
2 -0.01020926695480894 -0.01165959146707934 -2.60143161781861876 0.65597202071004257 0.74915915208940176 0.09198517753568945 -0.75234882797161828 0.65876493611130560 0.00000000000000001 -0.06059660960248554 -0.06920494050973718 0.99576037635252779 4.99997577746790167
2 -0.04011835360460199 -0.10529675027808341 -2.61292881524742349 0.35371573049579202 0.92838099266315743 0.11399085253474840 -0.93447206915940639 0.35603644751757862 0.00000000000000001 -0.04058489818597199 -0.10652126783339111 0.99348179929901148 4.99871343025597881
2 0.04011835360458937 -0.10529675027808803 -2.61292881524742393 -0.35371573049579241 0.92838099266315721 0.11399085253474839 -0.93447206915940628 -0.35603644751757901 0.00000000000000000 0.04058489818597203 -0.10652126783339108 0.99348179929901148 4.99871343025597881
2 0.01020926695480023 -0.01165959146708587 -2.60143161781861965 -0.65597202071004279 0.74915915208940154 0.09198517753568947 -0.75234882797161795 -0.65876493611130582 0.00000000000000000 0.06059660960248559 -0.06920494050973718 0.99576037635252779 4.99997577746790167
2 0.00000000000001233 0.00000000000000000 2.16969600708472932 -0.00000000000000410 0.00000000000000000 -1.00000000000000000 1.00000000000000000 0.00000000000000000 -0.00000000000000410 0.00000000000000000 -1.00000000000000000 -0.00000000000000000 1.50000000000000067
2 -0.01165959146708623 0.01020926695480143 -2.60143161781861876 0.74915915208940176 -0.65597202071004235 0.09198517753568944 0.65876493611130538 0.75234882797161828 0.00000000000000000 -0.06920494050973719 0.06059660960248554 0.99576037635252779 4.99997577746790167
2 -0.10529675027808673 0.04011835360459327 -2.61292881524742304 0.92838099266315743 -0.35371573049579180 0.11399085253474842 0.35603644751757840 0.93447206915940662 0.00000000000000000 -0.10652126783339114 0.04058489818597198 0.99348179929901148 4.99871343025597881
2 -0.10529675027808674 -0.04011835360459337 -2.61292881524742304 0.92838099266315721 0.35371573049579258 0.11399085253474840 -0.35603644751757924 0.93447206915940639 -0.00000000000000001 -0.10652126783339111 -0.04058489818597205 0.99348179929901159 4.99871343025597881
2 -0.01165959146708549 -0.01020926695480080 -2.60143161781861876 0.74915915208940131 0.65597202071004312 0.09198517753568945 -0.65876493611130604 0.75234882797161773 0.00000000000000000 -0.06920494050973713 -0.06059660960248561 0.99576037635252779 4.99997577746790167
2 0.00000000000001233 0.00000000000000000 2.16969600708472932 -0.00000000000000410 0.00000000000000000 -1.00000000000000000 1.00000000000000000 0.00000000000000000 -0.00000000000000410 0.00000000000000000 -1.00000000000000000 -0.00000000000000000 1.50000000000000067
2 0.01020926695480088 0.01165959146708662 -2.60143161781861965 -0.65597202071004235 -0.74915915208940176 0.09198517753568944 0.75234882797161828 -0.65876493611130538 0.00000000000000000 0.06059660960248554 0.06920494050973719 0.99576037635252779 4.99997577746790167
2 0.04011835360458933 0.10529675027808812 -2.61292881524742393 -0.35371573049579180 -0.92838099266315743 0.11399085253474842 0.93447206915940662 -0.35603644751757840 0.00000000000000000 0.04058489818597198 0.10652126783339114 0.99348179929901148 4.99871343025597881
2 -0.04011835360460206 0.10529675027808338 -2.61292881524742349 0.35371573049579258 -0.92838099266315721 0.11399085253474840 0.93447206915940639 0.35603644751757924 -0.00000000000000001 -0.04058489818597205 0.10652126783339111 0.99348179929901159 4.99871343025597881
2 -0.01020926695480846 0.01165959146707878 -2.60143161781861876 0.65597202071004312 -0.74915915208940131 0.09198517753568945 0.75234882797161773 0.65876493611130604 0.00000000000000000 -0.06059660960248561 0.06920494050973713 0.99576037635252779 4.99997577746790167
2 0.00000000000001233 0.00000000000000000 2.16969600708472932 -0.00000000000000410 0.00000000000000000 -1.00000000000000000 1.00000000000000000 0.00000000000000000 -0.00000000000000410 0.00000000000000000 -1.00000000000000000 -0.00000000000000000 1.50000000000000067
2 0.01165959146707982 -0.01020926695480846 -2.60143161781861965 -0.74915915208940165 0.65597202071004268 0.09198517753568947 -0.65876493611130571 -0.75234882797161817 0.00000000000000000 0.06920494050973718 -0.06059660960248557 0.99576037635252779 4.99997577746790167
2 0.10529675027808479 -0.04011835360459808 -2.61292881524742482 -0.92838099266315743 0.35371573049579219 0.11399085253474843 -0.35603644751757879 -0.93447206915940639 0.00000000000000000 0.10652126783339114 -0.04058489818597202 0.99348179929901148 4.99871343025597792
2 -0.00000000000000722 0.00000000000000000 -2.60000000000002629 0.00000000000000000 1.00000000000000000 0.00000000000000000 0.00000000000000144 -0.00000000000000000 1.00000000000000000 1.00000000000000000 0.00000000000000000 -0.00000000000000144 5.00000000000002576
5 -0.15139127176665923 -0.39734952970925619 -2.05876388168529534 0.35371573049579191 0.92838099266315743 0.11399085253474842 -0.04058489818597199 -0.10652126783339114 0.99348179929901148 0.93447206915940650 -0.35603644751757851 0.00000000000000000 0.22757304843844511 0.42442080261617215
1 0.97009685228544251 0.20499999999999999 1.49999999999999867 -0.12186934340514743 0.00000000000000000 -0.99254615164132209 
