
CASCADE Topology V1, (c) Matra-Datavision
Locations 14
1
1.000000000000000 0.000000000000000 0.000000000000000 0.000000000000000 
0.000000000000000 1.000000000000000 0.000000000000000 0.000000000000000 
0.000000000000000 0.000000000000000 1.000000000000000 0.000000000000000 
1
1.000000000000000 0.000000000000000 0.000000000000000 0.000000000000000 
0.000000000000000 1.000000000000000 0.000000000000000 0.000000000000000 
0.000000000000000 0.000000000000000 1.000000000000000 0.000000000000000 
2  2 -1 0
1
1.000000000000000 0.000000000000000 0.000000000000000 0.000000000000000 
0.000000000000000 1.000000000000000 0.000000000000000 0.000000000000000 
0.000000000000000 0.000000000000000 1.000000000000000 3.315608971054121 
1
0.000000000000000 1.000000000000000 0.000000000000000 0.000000000000000 
-1.000000000000000 0.000000000000000 -0.000000000000000 0.000000000000000 
-0.000000000000000 0.000000000000000 1.000000000000000 0.000000000000000 
2  5 1 4 1 0
2  2 -1 4 -1 0
2  2 -1 4 -1 5 -1 0
1
-1.000000000000000 0.000000000000000 0.000000000000000 0.000000000000000 
0.000000000000000 -1.000000000000000 0.000000000000000 0.000000000000000 
0.000000000000000 0.000000000000000 1.000000000000000 0.000000000000000 
2  9 1 4 1 0
2  2 -1 4 -1 9 -1 0
1
-0.000000000000000 -1.000000000000000 0.000000000000000 0.000000000000000 
1.000000000000000 0.000000000000000 0.000000000000000 0.000000000000000 
0.000000000000000 0.000000000000000 1.000000000000000 0.000000000000000 
2  12 1 4 1 0
2  2 -1 4 -1 12 -1 0
Curve2ds 72
1 0.00000000000000000 0.00000000000000000 1.00000000000000000 0.00000000000000000 
1 0.00000000000000000 -0.93508504139359516 1.00000000000000000 0.00000000000000000 
1 0.00000000000000000 2.13719659479186674 1.00000000000000000 0.00000000000000000 
1 6.28318530717958623 0.00000000000000000 0.00000000000000000 1.00000000000000000 
1 0.00000000000000000 0.00000000000000000 0.00000000000000000 1.00000000000000000 
1 0.00000000000000000 0.00000000000000000 1.00000000000000000 0.00000000000000000 
1 0.00000000000000000 1.57079632679489523 1.00000000000000000 0.00000000000000000 
1 0.00000000000000000 0.00000000000000000 1.00000000000000000 0.00000000000000000 
1 6.28318530717958623 0.00000000000000000 0.00000000000000000 1.00000000000000000 
1 0.00000000000000000 0.00000000000000000 0.00000000000000000 1.00000000000000000 
1 0.00000000000000000 0.19999999999999857 1.00000000000000000 0.00000000000000000 
1 0.00000000000000000 0.00000000000000000 1.00000000000000000 0.00000000000000000 
1 6.28318530717958623 0.00000000000000000 0.00000000000000000 1.00000000000000000 
1 0.00000000000000000 0.00000000000000000 0.00000000000000000 1.00000000000000000 
1 0.00000000000000000 9.60000000000000142 1.00000000000000000 0.00000000000000000 
1 6.28318530717958623 0.00000000000000000 0.00000000000000000 1.00000000000000000 
1 0.00000000000000000 0.00000000000000000 0.00000000000000000 1.00000000000000000 
7 0 0  7 8 2  5.94328190288069091 -1.41061695358112349  5.98255233392646879 -1.41572417289244545  6.02472820993489222 -1.42054635181642652  6.07000474943379231 -1.42504529719815309  6.11853027145389206 -1.42917758793760186  6.17036942820777767 -1.43289463498956593  6.22538142676506379 -1.43614580402925718  6.28318530717958712 -1.43888658569716821 
 1.46937946415199150 8 1.52597655938226340 8
7 0 0  7 20 4  5.62587697430422828 -1.18140518058522703  5.63671972524523301 -1.20030242754122329  5.64873329544707303 -1.21915102731117031  5.66215441605800152 -1.23794097634925038  5.67729161728220788 -1.25665926036640485  5.69458818626731045 -1.27528681620975703  5.71465423285282981 -1.29379762515224872  5.75057736768765260 -1.32131458741085051  5.76352253514732293 -1.33044535797476438  5.77757747692502210 -1.33952842006888773  5.79291439698122979 -1.34855601730319763  5.80974717075842140 -1.35751846835859058  5.82835348214430127 -1.36640294495903691  5.86986780733593783 -1.38397976431254155  5.89277600787045230 -1.39267210047910339  5.91821204191410288 -1.40125023259076897  5.94665800375787512 -1.40969062614226459  5.97872547659108022 -1.41796179572025949  6.01525094344121936 -1.42602000727292744  6.05731823709118977 -1.43379855981285265 
 1.18963064103649319 8 1.32501489036967257 6 1.39270701503626104 6 1.46039913970284929 8
1 6.28318530717958801 -1.25954508174043101 -1.00000000000000000 0.00000000000000000 
1 6.28318530717958623 1.36881547134599213 -1.00000000000000000 0.00000000000000000 
7 0 0  7 20 4  4.93825605047308969 -1.43379855981285331  4.98032334412306010 -1.42602000727292810  5.01684881097480684 -1.41796179572020264  5.04891628380437396 -1.40969062614192353  5.07736224565451266 -1.40125023259111003  5.10279827969247890 -1.39267210047910339  5.12570648022834074 -1.38397976431254199  5.17759938671788689 -1.36200874012066109  5.20389562483933332 -1.34860996934497734  5.22662664581412173 -1.33505616129468763  5.24655762570773732 -1.32138145450323918  5.26423656134102202 -1.30761052657942400  5.28006013754199888 -1.29376068663313903  5.30860383326732865 -1.26592969145568834  5.32132402992398834 -1.25194853621693980  5.33279482903659652 -1.23791487653804810  5.34322606069020711 -1.22383770390909774  5.35277439647302344 -1.20972367606797193  5.36156525005429518 -1.19557811580222451  5.36969731326004851 -1.18140518058522725 
 1.68119351388694382 8 1.74888563855353119 6 1.85042382555341356 6 1.95196201255330015 8
7 0 0  8 9 2  4.61261284799827909 -1.44283695564117664  4.67918512953659071 -1.44069797010560618  4.74322266907665835 -1.43791539937683410  4.80400561503483914 -1.43453225801385997  4.86107906737743178 -1.43060518006222992  4.91432260429428425 -1.42619573314095760  4.96381109196954640 -1.42136113022957034  5.00972391752733071 -1.41615309086620722  5.05229238468359032 -1.41061695358112393 
 1.60209859393635234 9 1.67221318943780206 9
7 0 0  8 9 2  4.37248557608579702 -1.41061695358112438  4.41505404324205664 -1.41615309086620766  4.46096686879673143 -1.42136113023138932  4.51045535647244833 -1.42619573313277215  4.56369889337292989 -1.43060518006677739  4.62077234573916940 -1.43453225801022199  4.68155529169234796 -1.43791539937956259  4.74559283123279929 -1.44069797010560618  4.81216511277111092 -1.44283695564117664 
 1.46937946415199239 9 1.53949405965344210 9
7 0 0  7 20 4  4.05508064750933173 -1.18140518058522703  4.06592339845033646 -1.20030242754122329  4.07793696865098809 -1.21915102731134084  4.09135808926384925 -1.23794097634868194  4.10649529048487238 -1.25665926036685960  4.12379185947361293 -1.27528681620958650  4.14385790605793325 -1.29379762515224894  4.17978104089275515 -1.32131458741085095  4.19272620835240950 -1.33044535797474417  4.20678115013005360 -1.33952842006889172  4.22211807018622487 -1.34855601730319563  4.23895084396344668 -1.35751846835856016  4.25755715534940471 -1.36640294495903758  4.29907148054104304 -1.38397976431254222  4.32197968107539054 -1.39267210047876233  4.34741571512222436 -1.40125023259167847  4.37586167696326811 -1.40969062614112772  4.40792914979647321 -1.41796179572043002  4.44445461664632546 -1.42602000727292832  4.48652191029629677 -1.43379855981285353 
 1.18963064103649319 8 1.32501489036967146 6 1.39270701503626060 6 1.46039913970285018 8
1 6.28318530717958801 -1.25954508174043101 -1.00000000000000000 0.00000000000000000 
1 6.28318530717958623 1.36881547134599213 -1.00000000000000000 0.00000000000000000 
7 0 0  7 20 4  3.36745972367819002 -1.43379855981285398  3.40952701732816088 -1.42602000727292877  3.44605248417849452 -1.41796179572008896  3.47811995701113119 -1.40969062614146878  3.50656591885581292 -1.40125023259133741  3.53200195289855401 -1.39267210047910339  3.55491015343344330 -1.38397976431254288  3.60680305992299033 -1.36200874012066175  3.63309929804415788 -1.34860996934537525  3.65583031901769573 -1.33505616129423288  3.67576129891176606 -1.32138145450380762  3.69344023454618764 -1.30761052657931032  3.70926381074710143 -1.29376068663313970  3.73780750647243165 -1.26592969145568901  3.75052770312911576 -1.25194853621692981  3.76199850224165289 -1.23791487653809074  3.77242973389527547 -1.22383770390914037  3.78197806967817174 -1.20972367606796172  3.79076892325939907 -1.19557811580222473  3.79890098646515284 -1.18140518058522770 
 1.68119351388694294 8 1.74888563855353141 6 1.85042382555341423 6 1.95196201255329949 8
7 0 0  8 9 2  3.04181652120337853 -1.44283695564117731  3.10838880274169016 -1.44069797010560685  3.17242634228250608 -1.43791539937728885  3.23320928822613496 -1.43453225801567896  3.29028274059965042 -1.43060518005768245  3.34352627748739906 -1.42619573314277659  3.39301476517766787 -1.42136113023002508  3.43892759073243193 -1.41615309086620811  3.48149605788869110 -1.41061695358112482 
 1.60209859393635168 9 1.67221318943780117 9
7 0 0  8 9 2  2.80168924929089558 -1.41061695358112460  2.84425771644715519 -1.41615309086620789  2.89017054200076018 -1.42136113023184407  2.93965902967647708 -1.42619573313822912  2.99290256657877762 -1.43060518006677739  3.04997601894137915 -1.43453225800840301  3.11075896489683146 -1.43791539937933521  3.17479650443789740 -1.44069797010560685  3.24136878597620903 -1.44283695564117731 
 1.46937946415199194 9 1.53949405965344166 9
7 0 0  7 20 4  2.48428432071443384 -1.18140518058522770  2.49512707165543901 -1.20030242754122396  2.50714064185854113 -1.21915102731105662  2.52056176246173891 -1.23794097634947775  2.53569896369617709 -1.25665926036617748  2.55299553267639112 -1.27528681620975703  2.57306157926303447 -1.29379762515224961  2.60898471409785637 -1.32131458741085162  2.62192988155751605 -1.33044535797473418  2.63598482333512951 -1.33952842006888573  2.65132174339133764 -1.34855601730319563  2.66815451716861451 -1.35751846835856016  2.68676082855450593 -1.36640294495903802  2.72827515374614338 -1.38397976431254310  2.75118335428169303 -1.39267210047904655  2.77661938832352462 -1.40125023259088266  2.80506535016957059 -1.40969062614226459  2.83713282300016090 -1.41796179572020264  2.87365828985142580 -1.42602000727292899  2.91572558350139666 -1.43379855981285420 
 1.18963064103649385 8 1.32501489036967213 6 1.39270701503626126 6 1.46039913970285040 8
1 6.28318530717958801 -1.25954508174043101 -1.00000000000000000 0.00000000000000000 
1 6.28318530717958623 1.36881547134599213 -1.00000000000000000 0.00000000000000000 
7 0 0  7 20 4  1.79666339688328835 -1.43379855981285353  1.83873069053325922 -1.42602000727292832  1.87525615738405804 -1.41796179572031633  1.90732363021515994 -1.40969062614169616  1.93576959206143329 -1.40125023259111003  1.96120562610360594 -1.39267210047898971  1.98411382663854252 -1.38397976431254222  2.03600673312808977 -1.36200874012066131  2.06230297124869821 -1.34860996934526156  2.08503399222399821 -1.33505616129491500  2.10496497211647693 -1.32138145450380762  2.12264390775169431 -1.30761052657942400  2.13846748395220221 -1.29376068663313948  2.16701117967753287 -1.26592969145568901  2.17973137633428360 -1.25194853621691982  2.19120217544676565 -1.23791487653806853  2.20163340710038824 -1.22383770390912416  2.21118174288333957 -1.20972367606796172  2.21997259646450029 -1.19557811580222451  2.22810465967025406 -1.18140518058522770 
 1.68119351388694294 8 1.74888563855353252 6 1.85042382555341667 6 1.95196201255329949 8
7 0 0  8 9 2  1.47102019440847709 -1.44283695564117664  1.53759247594678872 -1.44069797010560618  1.60163001548744433 -1.43791539937660673  1.66241296143289219 -1.43453225801476947  1.71948641380367917 -1.43060518005677295  1.77272995069415629 -1.42619573314368608  1.82221843838237874 -1.42136113022934296  1.86813126393753093 -1.41615309086620744  1.91069973109379032 -1.41061695358112416 
 1.60209859393635123 9 1.67221318943780095 9
7 0 0  8 9 2  1.23089292249599724 -1.41061695358112393  1.27346138965225641 -1.41615309086620722  1.31937421520729004 -1.42136113022934296  1.36886270288596279 -1.42619573314277659  1.42210623979190132 -1.43060518005495396  1.47917969214449840 -1.43453225801476947  1.53996263810245182 -1.43791539937751622  1.60400017764299552 -1.44069797010560618  1.67057245918130670 -1.44283695564117664 
 1.46937946415199128 9 1.53949405965344077 9
7 0 0  7 20 4  0.91348799391953683 -1.18140518058522703  0.92433074486054190 -1.20030242754122329  0.93634431506242777 -1.21915102731105662  0.94976543566974669 -1.23794097635038725  0.96490263689781841 -1.25665926036572273  0.98219920588257992 -1.27528681620987072  1.00226525246813702 -1.29379762515224872  1.03818838730295915 -1.32131458741085095  1.05113355476260262 -1.33044535797475438  1.06518849654031555 -1.33952842006886530  1.08052541659652346 -1.34855601730316921  1.09735819037370130 -1.35751846835857037  1.11596450175960782 -1.36640294495903736  1.15747882695124504 -1.38397976431254222  1.18038702748611968 -1.39267210047898971  1.20582306152959973 -1.40125023259076897  1.23426902337439515 -1.40969062614203722  1.26633649620600863 -1.41796179572020264  1.30286196305652635 -1.42602000727292810  1.34492925670649677 -1.43379855981285331 
 1.18963064103649296 8 1.32501489036966902 6 1.39270701503625882 6 1.46039913970284951 8
1 6.28318530717958801 -1.25954508174043101 -1.00000000000000000 0.00000000000000000 
1 6.28318530717958623 1.36881547134599213 -1.00000000000000000 0.00000000000000000 
7 0 0  7 20 4  0.22586707008839516 -1.43379855981285265  0.26793436373836543 -1.42602000727292744  0.30445983058896786 -1.41796179572031633  0.33652730342029713 -1.40969062614226459  0.36497326526580309 -1.40125023259042791  0.39040929930867208 -1.39267210047927392  0.41331749984364713 -1.38397976431254177  0.46521040633319416 -1.36200874012066087  0.49150664445416226 -1.34860996934526156  0.51423766542831117 -1.33505616129446025  0.53416864532198360 -1.32138145450335287  0.55184758095643360 -1.30761052657936716  0.56767115715730587 -1.29376068663313881  0.59621485288263654 -1.26592969145568834  0.60893504953937561 -1.25194853621693980  0.62040584865188164 -1.23791487653804810  0.63083708030550412 -1.22383770390909774  0.64038541608843136 -1.20972367606797171  0.64917626966960373 -1.19557811580222406  0.65730833287535761 -1.18140518058522681 
 1.68119351388694382 8 1.74888563855353252 6 1.85042382555341600 6 1.95196201255330015 8
7 0 0  7 8 2  0.00000000000000041 -1.43888658569716821  0.05780388041452308 -1.43614580402925718  0.11281587897126855 -1.43289463498933856  0.16465503572820239 -1.42917758793862504  0.21318055774381151 -1.42504529719712991  0.25845709724530508 -1.42054635181654021  0.30063297325311722 -1.41572417289244545  0.33990340429889498 -1.41061695358112349 
 1.61561609420752994 8 1.67221318943780162 8
1 6.28318530717958623 -1.57079632679489589 0.00000000000000000 1.00000000000000000 
1 0.00000000000000000 -1.57079632679489589 0.00000000000000000 1.00000000000000000 
7 0 0  7 8 2  4.61389473958627061 0.49056001307717678  4.72632328787529143 0.46625337474826095  4.83479720085256304 0.42855099333031887  4.93703691736254768 0.37685988905016643  5.03138069014357825 0.31009734268371858  5.11735473343401281 0.22665319432202580  5.19506929244379378 0.12429803076282096  5.26496756601966176 -0.00000000000000179 
 0.26471381432697877 8 1.12015191217075039 8
7 0 0  7 8 2  5.73060672154461503 0.00000000000000000  5.79162404684051690 0.10850530333146352  5.85859761751976293 0.20028942672156802  5.93182235236054112 0.27736922186980451  6.01139950784636312 0.34129547075926325  6.09711018448706454 0.39324601840894502  6.18813110654855514 0.43407783776644543  6.28318530717958623 0.46435372078250603 
 -1.12015191217074928 8 -0.37340178493067328 8
7 0 0  6 7 2  5.80316052267718963 -0.00000000000000142  5.85489743050786782 0.18973857600610364  5.91571805190136502 0.34148529409159423  5.98733821157395596 0.46368671350937518  6.07163620141210458 0.56198980303340207  6.17044842902033608 0.64040997743578365  6.28318530717958623 0.70167205269728394 
 -1.76184193565507297 7 -0.81802247273649187 7
1 0.00000000000000000 0.00000000000000000 1.00000000000000000 0.00000000000000000 
1 0.00000000000000000 4.29352725086975440 1.00000000000000000 0.00000000000000000 
7 0 0  8 9 2  4.63268133088926426 0.74026701213905621  4.73339316646620922 0.69696907932067809  4.82515042135810290 0.64302888487657128  4.90724139545818616 0.57730707454811636  4.97985731943481369 0.49827217713573191  5.04379306565533625 0.40393785502828905  5.09993387235499540 0.29176329578166360  5.14919272883994861 0.15850769164502346  5.19241376488708539 -0.00000000000000119 
 0.71055233114816496 9 1.76184193565507052 9
7 0 0  7 8 2  4.15981039474971759 -0.00000000000000260  4.22970866832558556 0.12429803076282035  4.30742322733442506 0.22665319432194053  4.39339727062588281 0.31009734268388911  4.48774104340418489 0.37685988904996748  4.58998075991758014 0.42855099333040414  4.69845467289408880 0.46625337474826078  4.81088322118310963 0.49056001307717662 
 -1.12015191217075127 8 -0.26471381432697882 8
7 0 0  8 9 2  4.23236419588229307 -0.00000000000000161  4.27558523192942896 0.15850769164502304  4.32484408842083212 0.29176329578183413  4.38098489506774058 0.40393785502942592  4.44492064138830756 0.49827217713345817  4.51753656527034764 0.57730707454970798  4.59962753941636038 0.64302888487645760  4.69138479430316746 0.69696907932067820  4.79209662988011242 0.74026701213905644 
 -1.76184193565507430 9 -0.71055233114816918 9
7 0 0  8 9 2  3.06188500409436903 0.74026701213905488  3.16259683967131400 0.69696907932067675  3.25435409455940317 0.64302888487679866  3.33644506868222379 0.57730707454879848  3.40906099260973861 0.49827217713391292  3.47299673887209792 0.40393785502965329  3.52913754555720516 0.29176329578189097  3.57839640204505249 0.15850769164502207  3.62161743809218883 -0.00000000000000241 
 0.71055233114816629 9 1.76184193565507052 9
7 0 0  7 8 2  3.04309841279137450 0.49056001307717706  3.15552696108039576 0.46625337474826123  3.26400087405841077 0.42855099333029045  3.36624059056566693 0.37685988905022327  3.46058436335215447 0.31009734268386069  3.54655840663895106 0.22665319432195474  3.62427296564889678 0.12429803076282177  3.69417123922476476 -0.00000000000000080 
 0.26471381432697905 8 1.12015191217075039 8
7 0 0  7 8 2  2.58901406795482192 -0.00000000000000140  2.65891234153068989 0.12429803076282141  2.73662690054027280 0.22665319432198316  2.82260094383082105 0.31009734268391753  2.91694471661139687 0.37685988904991063  3.01918443312206364 0.42855099333036151  3.12765834609919180 0.46625337474826134  3.24008689438821307 0.49056001307717717 
 -1.12015191217075083 8 -0.26471381432697866 8
7 0 0  8 9 2  2.66156786908739740 -0.00000000000000200  2.70478890513453374 0.15850769164502271  2.75404776161485643 0.29176329578143623  2.81018856832088204 0.40393785502919854  2.87412431451775774 0.49827217713482241  2.94674023852167011 0.57730707454834373  3.02883121260947519 0.64302888487634391  3.12058846750827223 0.69696907932067786  3.22130030308521720 0.74026701213905610 
 -1.76184193565507274 9 -0.71055233114816729 9
7 0 0  8 9 2  1.49108867729947248 0.74026701213905488  1.59180051287641722 0.69696907932067664  1.68355776776843413 0.64302888487679866  1.76564874187351961 0.57730707454697949  1.83826466583377623 0.49827217713618666  1.90220041207248869 0.40393785502692481  1.95834121876441714 0.29176329578206150  2.00760007525015638 0.15850769164502126  2.05082111129729272 -0.00000000000000341 
 0.71055233114816629 9 1.76184193565507119 9
7 0 0  7 8 2  1.47230208599647794 0.49056001307717706  1.58473063428549921 0.46625337474826117  1.69320454726278058 0.42855099333041835  1.79544426377242416 0.37685988904988221  1.88978803655595584 0.31009734268394595  1.97576207984434404 0.22665319432192632  2.05347663885400111 0.12429803076282082  2.12337491242986909 -0.00000000000000218 
 0.26471381432697905 8 1.12015191217075172 8
7 0 0  7 8 2  1.01821774115992492 -0.00000000000000239  1.08811601473579289 0.12429803076282067  1.16583057374515420 0.22665319432202580  1.25180461703496348 0.31009734268383227  1.34614838981656249 0.37685988905013801  1.44838810632694504 0.42855099333033309  1.55686201930429524 0.46625337474826128  1.66929056759331651 0.49056001307717717 
 -1.12015191217075172 8 -0.26471381432697866 8
7 0 0  8 9 2  1.09077154229250040 -0.00000000000000319  1.13399257833963651 0.15850769164502182  1.18325143482570638 0.29176329578154991  1.23939224151490635 0.40393785502965329  1.30332798776362324 0.49827217713436767  1.37594391170932795 0.57730707454993535  1.45803488582168939 0.64302888487634391  1.54979214071337590 0.69696907932067786  1.65050397629032086 0.74026701213905610 
 -1.76184193565507385 9 -0.71055233114816729 9
7 0 0  6 7 2  0.00000000000000000 0.70167205269728339  0.11273687815925015 0.64040997743578321  0.21154910576749586 0.56198980303338431  0.29584709560513289 0.46368671350941781  0.36746725527829227 0.34148529409155515  0.42828787667171575 0.18973857600610922  0.48002478450239394 0.00000000000000476 
 0.81802247273649087 7 1.76184193565506986 7
7 0 0  7 8 2  0.00000000000000011 0.46435372078250609  0.09505420063103119 0.43407783776644554  0.18607512269215931 0.39324601840895923  0.27178579933260494 0.34129547075912114  0.35136295481916591 0.27736922186991819  0.42458768966017146 0.20028942672158223  0.49156126033906877 0.10850530333146349  0.55257858563497086 0.00000000000000000 
 0.37340178493067311 8 1.12015191217074928 8
1 6.28318530717958623 0.00000000000000000 0.00000000000000000 1.00000000000000000 
1 0.00000000000000000 0.00000000000000000 0.00000000000000000 1.00000000000000000 
1 0.00000000000000000 1.29679270803894986 1.00000000000000000 0.00000000000000000 
7 0 0  7 8 2  5.19241376488708450 4.29352725086975440  5.22420448154615258 3.94305969900137798  5.25092971360572847 3.53158698853553688  5.27346885305723845 3.04703461271469678  5.29256588784664928 2.47418242222306617  5.30881175838680974 1.79359902028784290  5.32268683316504987 0.98012569809312833  5.33457941579209471 -0.00000000000000437 
 2.15261975255400761 8 3.16921152983626531 8
7 0 0  7 8 2  5.66099487177218119 -0.00000000000000040  5.67288745439922604 0.98012569809313033  5.68676252917703096 1.79359902028795659  5.70300839971969253 2.47418242222238405  5.72210543450546538 3.04703461271583365  5.74464457395879435 3.53158698853530950  5.77136980601812244 3.94305969900137621  5.80316052267719051 4.29352725086975262 
 -3.16921152983626930 8 -2.15261975255401294 8
7 0 0  7 8 2  4.09019854497728463 -0.00000000000000636  4.10209112760432948 0.98012569809312611  4.11596620238128708 1.79359902028829765  4.13221207292690451 2.47418242222192930  4.15130910770994888 3.04703461271537890  4.17384824716509684 3.53158698853553688  4.20057347922322588 3.94305969900137665  4.23236419588229396 4.29352725086975351 
 -3.16921152983627108 8 -2.15261975255401383 8
7 0 0  7 8 2  3.62161743809218883 4.29352725086975262  3.65340815475125646 3.94305969900137576  3.68013338680964353 3.53158698853496844  3.70267252626217669 3.04703461271719789  3.72176956105022327 2.47418242222215667  3.73801543159288485 1.79359902028852503  3.75189050637015376 0.98012569809312522  3.76378308899719860 -0.00000000000000755 
 2.15261975255400806 8 3.16921152983626575 8
7 0 0  7 8 2  2.51940221818238852 -0.00000000000000874  2.53129480080943337 0.98012569809312444  2.54516987558633900 1.79359902028761553  2.56141574612979639 2.47418242222306617  2.58051278091625136 3.04703461271537890  2.60305192036958033 3.53158698853565056  2.62977715242833021 3.94305969900137665  2.66156786908739784 4.29352725086975351 
 -3.16921152983626930 8 -2.15261975255401161 8
7 0 0  7 8 2  2.05082111129729228 4.29352725086975262  2.08261182795635991 3.94305969900137576  2.10933706001480914 3.53158698853599162  2.13187619946938867 3.04703461271355991  2.15097323425447939 2.47418242222465778  2.16721910479816415 1.79359902028716078  2.18109417957525720 0.98012569809312311  2.19298676220230204 -0.00000000000001053 
 2.15261975255400806 8 3.16921152983626619 8
7 0 0  7 8 2  0.94860589138749185 -0.00000000000000874  0.96049847401453659 0.98012569809312444  0.97437354879156146 1.79359902028761553  0.99061941933564412 2.47418242222306617  1.00971645412073485 3.04703461271537890  1.03225559357508700 3.53158698853565056  1.05898082563343343 3.94305969900137665  1.09077154229250106 4.29352725086975351 
 -3.16921152983626930 8 -2.15261975255401161 8
7 0 0  7 8 2  0.48002478450239516 4.29352725086975351  0.51181550116146302 3.94305969900137665  0.53854073322008844 3.53158698853610531  0.56107987267330373 3.04703461271333254  0.58017690746015660 2.47418242222443041  0.59642277800313082 1.79359902028716078  0.61029785278035997 0.98012569809312877  0.62219043540740482 -0.00000000000000318 
 2.15261975255400850 8 3.16921152983626575 8
Curves 72
2 0.00000000000000000 0.00000000000000000 2.13719659479186674 0.00000000000000000 0.00000000000000000 1.00000000000000000 1.00000000000000000 0.00000000000000000 -0.00000000000000000 -0.00000000000000000 1.00000000000000000 0.00000000000000000 4.75000000000000000
2 0.00000000000000000 0.00000000000000000 0.00000000000000000 0.00000000000000000 0.00000000000000000 1.00000000000000000 1.00000000000000000 0.00000000000000000 -0.00000000000000000 -0.00000000000000000 1.00000000000000000 0.00000000000000000 4.75000000000000000
1 4.75000000000000000 0.00000000000000000 2.13719659479186674 0.00000000000000000 0.00000000000000000 -1.00000000000000000 
2 0.00000000000000000 0.00000000000000000 -0.00000000000000001 0.00000000000000000 0.00000000000000000 1.00000000000000000 1.00000000000000000 0.00000000000000000 -0.00000000000000000 -0.00000000000000000 1.00000000000000000 0.00000000000000000 2.70000000000000018
2 0.00000000000000000 0.00000000000000000 -0.20000000000000001 0.00000000000000000 0.00000000000000000 1.00000000000000000 1.00000000000000000 0.00000000000000000 -0.00000000000000000 -0.00000000000000000 1.00000000000000000 0.00000000000000000 2.50000000000000000
2 2.70000000000000018 0.00000000000000000 -0.20000000000000029 0.00000000000000000 -1.00000000000000000 0.00000000000000000 0.00000000000000000 0.00000000000000000 1.00000000000000000 -1.00000000000000000 0.00000000000000000 0.00000000000000000 0.20000000000000026
2 0.00000000000000000 0.00000000000000000 -0.39999999999999858 0.00000000000000000 0.00000000000000000 1.00000000000000000 1.00000000000000000 0.00000000000000000 -0.00000000000000000 -0.00000000000000000 1.00000000000000000 0.00000000000000000 2.50000000000000000
1 2.50000000000000000 0.00000000000000000 -0.20000000000000001 0.00000000000000000 0.00000000000000000 -1.00000000000000000 
2 0.00000000000000000 0.00000000000000000 -10.00000000000000000 0.00000000000000000 0.00000000000000000 1.00000000000000000 1.00000000000000000 0.00000000000000000 -0.00000000000000000 -0.00000000000000000 1.00000000000000000 0.00000000000000000 2.50000000000000000
1 2.50000000000000000 0.00000000000000000 -0.39999999999999858 0.00000000000000000 0.00000000000000000 -1.00000000000000000 
2 0.22225920381041833 0.08048870906709073 -4.32238032500201186 -0.93605880100967931 -0.33898332763047767 0.09425616500203078 0.34049923792378317 -0.94024479204796607 -0.00000000000000000 0.08862386826157322 0.03209415235280984 0.99554797742706014 7.99647556959235217
2 0.03149671141872865 0.02721999259960668 -4.30317155207057311 -0.75441937587489705 -0.65198202933975480 0.07596603663839499 0.65387145252181555 -0.75660565922877621 -0.00000000000000001 0.05747633322979022 0.04967202271907279 0.99711040576129484 7.99989105991015403
2 0.00000000000000909 0.00000000000000000 3.31560897105412078 -0.00000000000000185 -0.00000000000000000 -1.00000000000000000 1.00000000000000000 0.00000000000000000 -0.00000000000000185 0.00000000000000000 -1.00000000000000000 0.00000000000000000 2.44999999999999973
2 -0.02721999259960780 -0.03149671141872917 -4.30317155207057223 0.65198202933975458 0.75441937587489727 0.07596603663839499 -0.75660565922877632 0.65387145252181533 -0.00000000000000001 -0.04967202271907279 -0.05747633322979021 0.99711040576129484 7.99989105991015403
2 -0.08048870906709359 -0.22225920381041758 -4.32238032500201097 0.33898332763047745 0.93605880100967931 0.09425616500203075 -0.94024479204796618 0.34049923792378300 0.00000000000000001 -0.03209415235280980 -0.08862386826157319 0.99554797742706014 7.99647556959235217
2 0.08048870906708479 -0.22225920381042052 -4.32238032500201186 -0.33898332763047795 0.93605880100967920 0.09425616500203077 -0.94024479204796596 -0.34049923792378345 0.00000000000000000 0.03209415235280987 -0.08862386826157319 0.99554797742706014 7.99647556959235217
2 0.02721999259960122 -0.03149671141873310 -4.30317155207057311 -0.65198202933975502 0.75441937587489705 0.07596603663839502 -0.75660565922877610 -0.65387145252181567 0.00000000000000000 0.04967202271907282 -0.05747633322979022 0.99711040576129495 7.99989105991015403
2 0.00000000000000909 0.00000000000000000 3.31560897105412078 -0.00000000000000185 -0.00000000000000000 -1.00000000000000000 1.00000000000000000 0.00000000000000000 -0.00000000000000185 0.00000000000000000 -1.00000000000000000 0.00000000000000000 2.44999999999999973
2 -0.03149671141873380 0.02721999259960247 -4.30317155207057223 0.75441937587489738 -0.65198202933975447 0.07596603663839500 0.65387145252181533 0.75660565922877654 0.00000000000000001 -0.05747633322979025 0.04967202271907277 0.99711040576129495 7.99989105991015403
2 -0.22225920381041961 0.08048870906708748 -4.32238032500201097 0.93605880100967942 -0.33898332763047728 0.09425616500203077 0.34049923792378278 0.94024479204796618 -0.00000000000000001 -0.08862386826157320 0.03209415235280981 0.99554797742706014 7.99647556959235217
2 -0.22225920381041958 -0.08048870906708766 -4.32238032500201097 0.93605880100967909 0.33898332763047806 0.09425616500203075 -0.34049923792378356 0.94024479204796585 0.00000000000000000 -0.08862386826157316 -0.03209415235280987 0.99554797742706003 7.99647556959235217
2 -0.03149671141873310 -0.02721999259960192 -4.30317155207057223 0.75441937587489682 0.65198202933975513 0.07596603663839500 -0.65387145252181600 0.75660565922877610 0.00000000000000001 -0.05747633322979019 -0.04967202271907283 0.99711040576129484 7.99989105991015403
2 0.00000000000000909 0.00000000000000000 3.31560897105412078 -0.00000000000000185 -0.00000000000000000 -1.00000000000000000 1.00000000000000000 0.00000000000000000 -0.00000000000000185 0.00000000000000000 -1.00000000000000000 0.00000000000000000 2.44999999999999973
2 0.02721999259960207 0.03149671141873412 -4.30317155207057311 -0.65198202933975447 -0.75441937587489738 0.07596603663839500 0.75660565922877654 -0.65387145252181533 0.00000000000000001 0.04967202271907277 0.05747633322979025 0.99711040576129495 7.99989105991015403
2 0.08048870906708465 0.22225920381042061 -4.32238032500201186 -0.33898332763047728 -0.93605880100967942 0.09425616500203077 0.94024479204796618 -0.34049923792378278 -0.00000000000000001 0.03209415235280981 0.08862386826157320 0.99554797742706014 7.99647556959235217
2 -0.08048870906709366 0.22225920381041733 -4.32238032500201097 0.33898332763047806 -0.93605880100967909 0.09425616500203075 0.94024479204796585 0.34049923792378356 0.00000000000000000 -0.03209415235280987 0.08862386826157316 0.99554797742706003 7.99647556959235217
2 -0.02721999259960724 0.03149671141872849 -4.30317155207057223 0.65198202933975513 -0.75441937587489682 0.07596603663839500 0.75660565922877610 0.65387145252181600 0.00000000000000001 -0.04967202271907283 0.05747633322979019 0.99711040576129484 7.99989105991015403
2 0.00000000000000909 0.00000000000000000 3.31560897105412078 -0.00000000000000185 -0.00000000000000000 -1.00000000000000000 1.00000000000000000 0.00000000000000000 -0.00000000000000185 0.00000000000000000 -1.00000000000000000 0.00000000000000000 2.44999999999999973
2 0.03149671141872932 -0.02721999259960726 -4.30317155207057311 -0.75441937587489705 0.65198202933975480 0.07596603663839499 -0.65387145252181555 -0.75660565922877621 0.00000000000000001 0.05747633322979022 -0.04967202271907279 0.99711040576129484 7.99989105991015403
2 0.22225920381041833 -0.08048870906709073 -4.32238032500201186 -0.93605880100967931 0.33898332763047767 0.09425616500203078 -0.34049923792378317 -0.94024479204796607 0.00000000000000000 0.08862386826157322 -0.03209415235280984 0.99554797742706014 7.99647556959235217
2 -0.00000000000000500 0.00000000000000000 -4.30000000000001581 -0.00000000000000000 1.00000000000000000 0.00000000000000000 0.00000000000000062 0.00000000000000000 1.00000000000000000 1.00000000000000000 0.00000000000000000 -0.00000000000000062 8.00000000000001599
5 -0.22327933438166908 -0.61655712536805407 -3.20868028472062594 0.33898332763047745 0.93605880100967942 0.09425616500203077 -0.03209415235280982 -0.08862386826157320 0.99554797742706014 0.94024479204796618 -0.34049923792378295 0.00000000000000000 0.35022291159772267 0.65490964702497745
1 1.41025928166724834 0.39500000000000007 2.45000000000000018 -0.10018806161207629 0.00000000000000000 -0.99496851825091170 
1 1.26721440642051242 0.00000000000000000 2.45000000000000018 -0.10018806161207629 0.00000000000000000 -0.99496851825091170 
5 0.61655712536805374 0.22327933438166911 -3.20868028472062594 -0.93605880100967931 -0.33898332763047767 0.09425616500203078 0.08862386826157320 0.03209415235280984 0.99554797742706003 -0.34049923792378323 0.94024479204796618 0.00000000000000001 0.35022291159772245 0.65490964702497712
5 0.28516386175237918 0.24644344939320356 -3.21811435351596842 -0.75441937587489716 -0.65198202933975480 0.07596603663839500 0.05747633322979022 0.04967202271907279 0.99711040576129484 -0.65387145252181567 0.75660565922877632 0.00000000000000001 0.20098146960622787 0.37658956056876658
2 0.00000000000000000 0.00000000000000000 -2.61742506927802143 0.00000000000000000 0.00000000000000000 1.00000000000000000 1.00000000000000000 0.00000000000000000 -0.00000000000000000 -0.00000000000000000 1.00000000000000000 0.00000000000000000 1.14500000000000002
5 -0.24644344939320420 -0.28516386175238001 -3.21811435351597019 0.65198202933975469 0.75441937587489727 0.07596603663839502 -0.04967202271907280 -0.05747633322979024 0.99711040576129495 0.75660565922877632 -0.65387145252181544 0.00000000000000000 0.20098146960622845 0.37658956056876774
5 0.22327933438166925 -0.61655712536805374 -3.20868028472062594 -0.33898332763047789 0.93605880100967920 0.09425616500203077 0.03209415235280987 -0.08862386826157319 0.99554797742706003 0.94024479204796607 0.34049923792378345 -0.00000000000000000 0.35022291159772245 0.65490964702497712
5 0.24644344939320342 -0.28516386175237890 -3.21811435351596931 -0.65198202933975491 0.75441937587489705 0.07596603663839500 0.04967202271907279 -0.05747633322979023 0.99711040576129495 0.75660565922877610 0.65387145252181567 0.00000000000000001 0.20098146960622773 0.37658956056876636
2 0.00000000000000000 0.00000000000000000 -2.61742506927802143 0.00000000000000000 0.00000000000000000 1.00000000000000000 1.00000000000000000 0.00000000000000000 -0.00000000000000000 -0.00000000000000000 1.00000000000000000 0.00000000000000000 1.14500000000000002
5 -0.28516386175238012 0.24644344939320414 -3.21811435351596842 0.75441937587489749 -0.65198202933975447 0.07596603663839502 -0.05747633322979024 0.04967202271907278 0.99711040576129484 -0.65387145252181533 -0.75660565922877665 0.00000000000000001 0.20098146960622845 0.37658956056876774
5 -0.61655712536805374 0.22327933438166889 -3.20868028472062594 0.93605880100967942 -0.33898332763047728 0.09425616500203077 -0.08862386826157320 0.03209415235280981 0.99554797742706003 -0.34049923792378284 -0.94024479204796629 0.00000000000000001 0.35022291159772245 0.65490964702497712
5 -0.61655712536805363 -0.22327933438166936 -3.20868028472062594 0.93605880100967909 0.33898332763047806 0.09425616500203075 -0.08862386826157317 -0.03209415235280987 0.99554797742706014 0.34049923792378356 -0.94024479204796585 0.00000000000000001 0.35022291159772245 0.65490964702497712
5 -0.28516386175237923 -0.24644344939320389 -3.21811435351596931 0.75441937587489671 0.65198202933975513 0.07596603663839500 -0.05747633322979020 -0.04967202271907283 0.99711040576129495 0.65387145252181600 -0.75660565922877598 0.00000000000000000 0.20098146960622801 0.37658956056876691
2 0.00000000000000000 0.00000000000000000 -2.61742506927802143 0.00000000000000000 0.00000000000000000 1.00000000000000000 1.00000000000000000 0.00000000000000000 -0.00000000000000000 -0.00000000000000000 1.00000000000000000 0.00000000000000000 1.14500000000000002
5 0.24644344939320414 0.28516386175238012 -3.21811435351596842 -0.65198202933975447 -0.75441937587489749 0.07596603663839502 0.04967202271907278 0.05747633322979024 0.99711040576129484 -0.75660565922877665 0.65387145252181533 0.00000000000000001 0.20098146960622845 0.37658956056876774
5 0.22327933438166889 0.61655712536805374 -3.20868028472062594 -0.33898332763047728 -0.93605880100967942 0.09425616500203077 0.03209415235280981 0.08862386826157320 0.99554797742706003 -0.94024479204796629 0.34049923792378284 0.00000000000000001 0.35022291159772245 0.65490964702497712
5 -0.22327933438166939 0.61655712536805363 -3.20868028472062594 0.33898332763047812 -0.93605880100967920 0.09425616500203078 -0.03209415235280988 0.08862386826157317 0.99554797742706003 -0.94024479204796585 -0.34049923792378362 0.00000000000000000 0.35022291159772245 0.65490964702497712
5 -0.24644344939320389 0.28516386175237923 -3.21811435351596931 0.65198202933975513 -0.75441937587489671 0.07596603663839500 -0.04967202271907283 0.05747633322979020 0.99711040576129495 -0.75660565922877598 -0.65387145252181600 0.00000000000000000 0.20098146960622801 0.37658956056876691
2 0.00000000000000000 0.00000000000000000 -2.61742506927802143 0.00000000000000000 0.00000000000000000 1.00000000000000000 1.00000000000000000 0.00000000000000000 -0.00000000000000000 -0.00000000000000000 1.00000000000000000 0.00000000000000000 1.14500000000000002
5 0.28516386175237984 -0.24644344939320414 -3.21811435351596931 -0.75441937587489716 0.65198202933975480 0.07596603663839500 0.05747633322979022 -0.04967202271907279 0.99711040576129484 0.65387145252181567 0.75660565922877632 -0.00000000000000001 0.20098146960622837 0.37658956056876758
5 0.61655712536805374 -0.22327933438166911 -3.20868028472062594 -0.93605880100967931 0.33898332763047767 0.09425616500203078 0.08862386826157320 -0.03209415235280984 0.99554797742706003 0.34049923792378323 0.94024479204796618 -0.00000000000000001 0.35022291159772245 0.65490964702497712
1 1.14500000000000002 0.00000000000000000 -2.61742506927802143 -0.88294759285892699 0.00000000000000000 -0.46947156278589081 
5 -0.16583647923966566 -0.19189218035959499 -4.83620929544233835 0.65198202933975458 0.75441937587489727 0.07596603663839500 -0.04967202271907280 -0.05747633322979024 0.99711040576129495 0.75660565922877632 -0.65387145252181533 0.00000000000000001 0.51016209756845654 0.25064396517510146
1 1.41025928166724768 -0.39500000000000046 2.45000000000000018 -0.10018806161207629 0.00000000000000000 -0.99496851825091170 
1 1.41025928166724768 -0.39500000000000046 2.45000000000000018 -0.10018806161207629 0.00000000000000000 -0.99496851825091170 
1 1.26721440642051242 0.00000000000000000 2.45000000000000018 -0.10018806161207629 0.00000000000000000 -0.99496851825091170 
5 0.19189218035959421 0.16583647923966507 -4.83620929544233924 -0.75441937587489716 -0.65198202933975480 0.07596603663839500 0.05747633322979022 0.04967202271907279 0.99711040576129484 -0.65387145252181567 0.75660565922877632 0.00000000000000001 0.51016209756845454 0.25064396517510051
5 0.16583647923966496 -0.19189218035959402 -4.83620929544233835 -0.65198202933975491 0.75441937587489705 0.07596603663839500 0.04967202271907279 -0.05747633322979023 0.99711040576129495 0.75660565922877610 0.65387145252181567 0.00000000000000001 0.51016209756845399 0.25064396517510024
