
CASCADE Topology V1, (c) Matra-Datavision
Locations 8
1
1.000000000000000 0.000000000000000 0.000000000000000 0.000000000000000 
0.000000000000000 1.000000000000000 0.000000000000000 0.000000000000000 
0.000000000000000 0.000000000000000 1.000000000000000 0.000000000000000 
1
1.000000000000000 0.000000000000000 0.000000000000000 0.000000000000000 
0.000000000000000 1.000000000000000 0.000000000000000 0.000000000000000 
0.000000000000000 0.000000000000000 1.000000000000000 0.000000000000000 
1
1.000000000000000 0.000000000000000 0.000000000000000 0.000000000000000 
0.000000000000000 1.000000000000000 0.000000000000000 0.000000000000000 
0.000000000000000 0.000000000000000 1.000000000000000 0.000000000000000 
1
1.000000000000000 0.000000000000000 0.000000000000000 0.000000000000000 
0.000000000000000 1.000000000000000 0.000000000000000 0.000000000000000 
0.000000000000000 0.000000000000000 1.000000000000000 0.000000000000000 
2  2 1 3 -1 4 -1 0
1
1.000000000000000 0.000000000000000 0.000000000000000 0.000000000000000 
0.000000000000000 1.000000000000000 0.000000000000000 0.000000000000000 
0.000000000000000 0.000000000000000 1.000000000000000 4.000000000000000 
2  6 -1 2 1 3 -1 4 -1 0
2  3 -1 4 -1 0
Curve2ds 21
1 0.00000000000000000 0.00000000000000000 1.00000000000000000 0.00000000000000000 
1 0.00000000000000000 -4.00000000000000000 1.00000000000000000 0.00000000000000000 
1 30.00000000000000000 -0.00000000000000085 -0.89442719099991597 0.44721359549995804 
1 0.00000000000000000 15.00000000000000178 -0.89442719099991597 -0.44721359549995804 
1 0.00000000000000000 0.00000000000000000 1.00000000000000000 0.00000000000000000 
1 0.00000000000000000 -4.00000000000000000 1.00000000000000000 0.00000000000000000 
1 -30.00000000000000000 -0.00000000000000085 0.89442719099991597 -0.44721359549995793 
1 0.00000000000000000 0.00000000000000000 1.00000000000000000 0.00000000000000000 
1 0.00000000000000000 -4.00000000000000000 1.00000000000000000 0.00000000000000000 
1 0.00000000000000000 0.00000000000000000 1.00000000000000000 0.00000000000000000 
1 0.00000000000000000 -4.00000000000000000 1.00000000000000000 0.00000000000000000 
1 0.00000000000000000 -14.99999999999999822 0.89442719099991597 0.44721359549995793 
1 0.00000000000000000 0.00000000000000000 1.00000000000000000 0.00000000000000000 
1 0.00000000000000000 -4.00000000000000000 1.00000000000000000 0.00000000000000000 
2 0.00000000000000000 -0.00000000000000085 1.00000000000000000 0.00000000000000000 -0.00000000000000000 1.00000000000000000 11.00000000000000000
1 0.00000000000000000 0.00000000000000000 1.00000000000000000 0.00000000000000000 
1 0.00000000000000000 -4.00000000000000000 1.00000000000000000 0.00000000000000000 
2 -18.00000000000000000 -0.00000000000000085 1.00000000000000000 0.00000000000000000 -0.00000000000000000 1.00000000000000000 2.50000000000000000
1 0.00000000000000000 0.00000000000000000 1.00000000000000000 0.00000000000000000 
1 0.00000000000000000 -4.00000000000000000 1.00000000000000000 0.00000000000000000 
2 18.00000000000000000 -0.00000000000000085 1.00000000000000000 0.00000000000000000 -0.00000000000000000 1.00000000000000000 2.50000000000000000
Curves 7
1 30.00000000000000000 0.00000000000000000 0.00000000000000000 -0.89442719099991597 0.44721359549995804 0.00000000000000000 
1 0.00000000000000000 15.00000000000000178 0.00000000000000000 -0.89442719099991597 -0.44721359549995804 0.00000000000000000 
1 -30.00000000000000000 0.00000000000000000 0.00000000000000000 0.89442719099991597 -0.44721359549995793 0.00000000000000000 
1 0.00000000000000000 -14.99999999999999822 0.00000000000000000 0.89442719099991597 0.44721359549995793 0.00000000000000000 
2 0.00000000000000000 0.00000000000000000 0.00000000000000000 0.00000000000000000 0.00000000000000000 1.00000000000000000 1.00000000000000000 0.00000000000000000 -0.00000000000000000 -0.00000000000000000 1.00000000000000000 0.00000000000000000 11.00000000000000000
2 -18.00000000000000000 0.00000000000000000 0.00000000000000000 0.00000000000000000 0.00000000000000000 1.00000000000000000 1.00000000000000000 0.00000000000000000 -0.00000000000000000 -0.00000000000000000 1.00000000000000000 0.00000000000000000 2.50000000000000000
2 18.00000000000000000 0.00000000000000000 0.00000000000000000 0.00000000000000000 0.00000000000000000 1.00000000000000000 1.00000000000000000 0.00000000000000000 -0.00000000000000000 -0.00000000000000000 1.00000000000000000 0.00000000000000000 2.50000000000000000
Polygon3D 0
PolygonOnTriangulations 0
Surfaces 8
1 30.00000000000000000 0.00000000000000000 0.00000000000000000 -0.44721359549995804 -0.89442719099991597 0.00000000000000000 -0.89442719099991574 0.44721359549995793 0.00000000000000000 -0.00000000000000000 0.00000000000000000 -1.00000000000000000 
1 0.00000000000000000 0.00000000000000085 0.00000000000000000 0.00000000000000000 0.00000000000000000 1.00000000000000000 1.00000000000000000 0.00000000000000000 -0.00000000000000000 -0.00000000000000000 1.00000000000000000 0.00000000000000000 
1 0.00000000000000000 15.00000000000000178 0.00000000000000000 0.44721359549995804 -0.89442719099991597 0.00000000000000000 -0.89442719099991574 -0.44721359549995793 0.00000000000000000 0.00000000000000000 -0.00000000000000000 -1.00000000000000000 
1 -30.00000000000000000 0.00000000000000000 0.00000000000000000 0.44721359549995793 0.89442719099991597 -0.00000000000000000 0.89442719099991597 -0.44721359549995793 0.00000000000000000 0.00000000000000000 -0.00000000000000000 -1.00000000000000000 
1 0.00000000000000000 -14.99999999999999822 0.00000000000000000 -0.44721359549995793 0.89442719099991597 0.00000000000000000 0.89442719099991597 0.44721359549995793 0.00000000000000000 0.00000000000000000 0.00000000000000000 -1.00000000000000000 
2 0.00000000000000000 0.00000000000000000 0.00000000000000000 -0.00000000000000000 -0.00000000000000000 -1.00000000000000000 1.00000000000000000 0.00000000000000000 0.00000000000000000 -0.00000000000000000 1.00000000000000000 -0.00000000000000000 11.00000000000000000
2 -18.00000000000000000 0.00000000000000000 0.00000000000000000 -0.00000000000000000 -0.00000000000000000 -1.00000000000000000 1.00000000000000000 0.00000000000000000 0.00000000000000000 -0.00000000000000000 1.00000000000000000 -0.00000000000000000 2.50000000000000000
2 18.00000000000000000 0.00000000000000000 0.00000000000000000 -0.00000000000000000 -0.00000000000000000 -1.00000000000000000 1.00000000000000000 0.00000000000000000 0.00000000000000000 -0.00000000000000000 1.00000000000000000 -0.00000000000000000 2.50000000000000000
Triangulations 0

TShapes 19
Ve
0.000000100000000
30.000000000000000 0.000000000000000 0.000000000000000
0 0

0101101
*
Ve
0.000000100000000
0.000000000000000 15.000000000000002 0.000000000000000
0 0

0101101
*
Ed
 0.000000100000000 1 1 0
1  1 0 0.000000000000000 33.541019662496844
2  1 1 5 0.000000000000000 33.541019662496844
2  2 1 7 0.000000000000000 33.541019662496844
2  3 2 8 0.000000000000000 33.541019662496844
0

0101000
+19 0 -18 0 *
Ve
0.000000100000000
-30.000000000000000 0.000000000000000 0.000000000000000
0 0

0101101
*
Ed
 0.000000100000000 1 1 0
1  2 0 0.000000000000000 33.541019662496844
2  4 2 8 0.000000000000000 33.541019662496844
2  5 3 5 0.000000000000000 33.541019662496844
2  6 3 7 0.000000000000000 33.541019662496844
0

0101000
+18 0 -16 0 *
Ve
0.000000100000000
0.000000000000000 -14.999999999999998 0.000000000000000
0 0

0101101
*
Ed
 0.000000100000000 1 1 0
1  3 0 0.000000000000000 33.541019662496844
2  7 2 8 0.000000000000000 33.541019662496844
2  8 4 5 0.000000000000000 33.541019662496844
2  9 4 7 0.000000000000000 33.541019662496844
0

0101000
+16 0 -14 0 *
Ed
 0.000000100000000 1 1 0
1  4 0 0.000000000000000 33.541019662496844
2  10 5 5 0.000000000000000 33.541019662496844
2  11 5 7 0.000000000000000 33.541019662496844
2  12 2 8 0.000000000000000 33.541019662496844
0

0101000
+14 0 -19 0 *
Wi

0101100
+17 0 +15 0 +13 0 +12 0 *
Ve
0.000000100000000
11.000000000000000 0.000000000000000 0.000000000000000
0 0

0101101
*
Ed
 0.000000100000000 1 1 0
1  5 0 0.000000000000000 6.283185307179586
2  13 6 5 0.000000000000000 6.283185307179586
2  14 6 7 0.000000000000000 6.283185307179586
2  15 2 8 0.000000000000000 6.283185307179586
0

0101000
+10 0 -10 0 *
Wi

0101100
+9 0 *
Ve
0.000000100000000
-15.500000000000000 0.000000000000000 0.000000000000000
0 0

0101101
*
Ed
 0.000000100000000 1 1 0
1  6 0 0.000000000000000 6.283185307179586
2  16 7 5 0.000000000000000 6.283185307179586
2  17 7 7 0.000000000000000 6.283185307179586
2  18 2 8 0.000000000000000 6.283185307179586
0

0101000
+7 0 -7 0 *
Wi

0101100
+6 0 *
Ve
0.000000100000000
20.500000000000000 0.000000000000000 0.000000000000000
0 0

0101101
*
Ed
 0.000000100000000 1 1 0
1  7 0 0.000000000000000 6.283185307179586
2  19 8 5 0.000000000000000 6.283185307179586
2  20 8 7 0.000000000000000 6.283185307179586
2  21 2 8 0.000000000000000 6.283185307179586
0

0101000
+4 0 -4 0 *
Wi

0101100
+3 0 *
Co

1100000
+11 0 +8 0 +5 0 +2 0 *

+1 1 